user,squat,bench,deadlift
Matthias Galvin,32.7,20.5,46.7
Benjamin Hodgson,37.9,24.2,37.9
Jan-Mikael Akerblom,35,26,39
Balazs Heves,34.3,24.5,41.2
Michael Hart,32,22,46
Helgi Palsson,33.6,27.2,39.2
Christian Rebolledo,35.3,22.8,41.9
Eddie Jones,38,23,39
Thomas Baumann,36,24,40
Andre Santos,32,25,43
Ross Wardrup,33.9,26.5,39.6
Esben Vestergaard,35.4,22.9,41.6