id,squat,bench,deadlift
1,32.7,20.5,46.7
2,37.9,24.2,37.9
3,35,26,39
4,34.3,24.5,41.2
5,32,22,46
6,33.6,27.2,39.2
7,35.3,22.8,41.9
8,38,23,39
9,36,24,40
10,32,25,43
11,33.9,26.5,39.6
12,35.4,22.9,41.6
13,37.6,20.4,42